<?xml version="1.0" encoding="utf-8"?>
<COLLADA xmlns="http://www.collada.org/2005/11/COLLADASchema" version="1.4.1">
  <asset><contributor><author>Mixamo</author><authoring_tool>COLLADA Mixamo exporter</authoring_tool><comments></comments></contributor><created>2015-07-08T14:13:32Z</created><modified>2015-07-08T14:13:32Z</modified><revision></revision><title></title><unit meter="0.010000"/><up_axis>Y_UP</up_axis></asset>
  <library_images>
    <image id="file6-image" name="file6">
      <init_from>piratevoid_diffuse.png</init_from>
    </image>
  </library_images>
  <library_materials>
    <material id="PirateVoid_MAT" name="PirateVoid_MAT">
      <instance_effect url="#PirateVoid_MAT-fx"/>
    </material>
  </library_materials>
  <library_animations>
    <animation id="mixamorig_Hips-anim" name="mixamorig_Hips"><source id="mixamorig_Hips-Matrix-animation-input"><float_array id="mixamorig_Hips-Matrix-animation-input-array" count="251">

0.000000 0.033333 0.066667 0.100000 0.133333 0.166667 0.200000 0.233333 0.266667 0.300000 0.333333 0.366667 0.400000 0.433333 0.466667 0.500000
0.533333 0.566667 0.600000 0.633333 0.666667 0.700000 0.733333 0.766667 0.800000 0.833333 0.866667 0.900000 0.933333 0.966667 1.000000 1.033333
1.066667 1.100000 1.133333 1.166667 1.200000 1.233333 1.266667 1.300000 1.333333 1.366667 1.400000 1.433333 1.466667 1.500000 1.533333 1.566667
1.600000 1.633333 1.666667 1.700000 1.733333 1.766667 1.800000 1.833333 1.866667 1.900000 1.933333 1.966667 2.000000 2.033333 2.066667 2.100000
2.133333 2.166667 2.200000 2.233333 2.266667 2.300000 2.333333 2.366667 2.400000 2.433333 2.466667 2.500000 2.533333 2.566667 2.600000 2.633333
2.666667 2.700000 2.733333 2.766667 2.800000 2.833333 2.866667 2.900000 2.933333 2.966667 3.000000 3.033333 3.066667 3.100000 3.133333 3.166667
3.200000 3.233333 3.266667 3.300000 3.333333 3.366667 3.400000 3.433333 3.466667 3.500000 3.533333 3.566667 3.600000 3.633333 3.666667 3.700000
3.733333 3.766667 3.800000 3.833333 3.866667 3.900000 3.933333 3.966667 4.000000 4.033333 4.066667 4.100000 4.133333 4.166667 4.200000 4.233333
4.266667 4.300000 4.333333 4.366667 4.400000 4.433333 4.466667 4.500000 4.533333 4.566667 4.600000 4.633333 4.666667 4.700000 4.733333 4.766667
4.800000 4.833333 4.866667 4.900000 4.933333 4.966667 5.000000 5.033333 5.066667 5.100000 5.133333 5.166667 5.200000 5.233333 5.266667 5.300000
5.333333 5.366667 5.400000 5.433333 5.466667 5.500000 5.533333 5.566667 5.600000 5.633333 5.666667 5.700000 5.733333 5.766667 5.800000 5.833333
5.866667 5.900000 5.933333 5.966667 6.000000 6.033333 6.066667 6.100000 6.133333 6.166667 6.200000 6.233333 6.266667 6.300000 6.333333 6.366667
6.400000 6.433333 6.466667 6.500000 6.533333 6.566667 6.600000 6.633333 6.666667 6.700000 6.733333 6.766667 6.800000 6.833333 6.866667 6.900000
6.933333 6.966667 7.000000 7.033333 7.066667 7.100000 7.133333 7.166667 7.200000 7.233333 7.266667 7.300000 7.333333 7.366667 7.400000 7.433333
7.466667 7.500000 7.533333 7.566667 7.600000 7.633333 7.666667 7.700000 7.733333 7.766667 7.800000 7.833333 7.866667 7.900000 7.933333 7.966667
8.000000 8.033333 8.066667 8.100000 8.133333 8.166667 8.200000 8.233333 8.266667 8.300000 8.333333</float_array><technique_common><accessor source="#mixamorig_Hips-Matrix-animation-input-array" count="251"><param name="TIME" type="float"/></accessor></technique_common></source><source id="mixamorig_Hips-Matrix-animation-output-transform"><float_array id="mixamorig_Hips-Matrix-animation-output-transform-array" count="4016">

0.994514 0.051177 -0.091228 0.615457 -0.045306 0.996836 0.065304 96.241829 0.094281 -0.060813 0.993687 0.886636 0.000000 0.000000 0.000000 1.000000
0.994514 0.051179 -0.091223 0.616278 -0.045337 0.996855 0.065002 96.242401 0.094263 -0.060509 0.993707 0.888437 0.000000 0.000000 0.000000 1.000000
0.994503 0.051168 -0.091351 0.617307 -0.045340 0.996870 0.064764 96.243645 0.094379 -0.060267 0.993711 0.893376 0.000000 0.000000 0.000000 1.000000
0.994483 0.051152 -0.091582 0.618655 -0.045326 0.996881 0.064600 96.245583 0.094601 -0.060092 0.993700 0.900731 0.000000 0.000000 0.000000 1.000000
0.994450 0.051152 -0.091940 0.620009 -0.045314 0.996888 0.064504 96.248123 0.094954 -0.059980 0.993673 0.909425 0.000000 0.000000 0.000000 1.000000
0.994396 0.051189 -0.092505 0.620783 -0.045320 0.996890 0.064463 96.251160 0.095517 -0.059909 0.993623 0.918617 0.000000 0.000000 0.000000 1.000000
0.994324 0.051227 -0.093250 0.621321 -0.045322 0.996896 0.064376 96.253830 0.096258 -0.059785 0.993559 0.927512 0.000000 0.000000 0.000000 1.000000
0.994251 0.051268 -0.094000 0.621896 -0.045329 0.996903 0.064270 96.254723 0.097004 -0.059640 0.993495 0.935951 0.000000 0.000000 0.000000 1.000000
0.994178 0.051337 -0.094734 0.622385 -0.045359 0.996905 0.064216 96.254684 0.097738 -0.059545 0.993429 0.944413 0.000000 0.000000 0.000000 1.000000
0.994103 0.051443 -0.095459 0.622956 -0.045423 0.996903 0.064202 96.255386 0.098466 -0.059488 0.993361 0.953236 0.000000 0.000000 0.000000 1.000000
0.994026 0.051571 -0.096188 0.624051 -0.045515 0.996903 0.064129 96.258438 0.099197 -0.059368 0.993295 0.962422 0.000000 0.000000 0.000000 1.000000
0.993952 0.051677 -0.096894 0.625701 -0.045603 0.996915 0.063883 96.261894 0.099896 -0.059078 0.993242 0.971336 0.000000 0.000000 0.000000 1.000000
0.993883 0.051746 -0.097567 0.626922 -0.045664 0.996932 0.063578 96.262840 0.100557 -0.058734 0.993196 0.979719 0.000000 0.000000 0.000000 1.000000
0.993820 0.051820 -0.098163 0.627225 -0.045730 0.996946 0.063307 96.261871 0.101144 -0.058427 0.993155 0.987607 0.000000 0.000000 0.000000 1.000000
0.993763 0.051935 -0.098680 0.625976 -0.045835 0.996953 0.063112 96.260292 0.101657 -0.058196 0.993116 0.995027 0.000000 0.000000 0.000000 1.000000
0.993707 0.052112 -0.099152 0.622418 -0.045999 0.996955 0.062971 96.259308 0.102132 -0.058014 0.993078 1.001911 0.000000 0.000000 0.000000 1.000000
0.993656 0.052320 -0.099553 0.616005 -0.046205 0.996957 0.062778 96.257919 0.102534 -0.057780 0.993050 1.007758 0.000000 0.000000 0.000000 1.000000
0.993624 0.052488 -0.099780 0.608232 -0.046393 0.996969 0.062452 96.255592 0.102756 -0.057424 0.993048 1.013423 0.000000 0.000000 0.000000 1.000000
0.993607 0.052609 -0.099886 0.600348 -0.046550 0.996987 0.062052 96.253395 0.102850 -0.057006 0.993062 1.020018 0.000000 0.000000 0.000000 1.000000
0.993595 0.052710 -0.099953 0.592648 -0.046686 0.997004 0.061674 96.252258 0.102905 -0.056612 0.993079 1.027794 0.000000 0.000000 0.000000 1.000000
0.993579 0.052827 -0.100046 0.584468 -0.046828 0.997015 0.061389 96.252602 0.102991 -0.056310 0.993087 1.036176 0.000000 0.000000 0.000000 1.000000
0.993575 0.052917 -0.100038 0.575004 -0.046949 0.997027 0.061097 96.253242 0.102974 -0.056008 0.993106 1.045092 0.000000 0.000000 0.000000 1.000000
0.993586 0.052933 -0.099929 0.564805 -0.047018 0.997051 0.060650 96.252831 0.102844 -0.055562 0.993144 1.055687 0.000000 0.000000 0.000000 1.000000
0.993590 0.052919 -0.099888 0.554757 -0.047061 0.997081 0.060120 96.252380 0.102778 -0.055034 0.993181 1.068782 0.000000 0.000000 0.000000 1.000000
0.993581 0.052896 -0.099997 0.545429 -0.047081 0.997109 0.059636 96.253235 0.102862 -0.054545 0.993199 1.084918 0.000000 0.000000 0.000000 1.000000
0.993563 0.052844 -0.100203 0.536958 -0.047052 0.997130 0.059316 96.256264 0.103050 -0.054219 0.993197 1.104156 0.000000 0.000000 0.000000 1.000000
0.993560 0.052681 -0.100312 0.529366 -0.046902 0.997148 0.059130 96.259865 0.103141 -0.054044 0.993197 1.125155 0.000000 0.000000 0.000000 1.000000
0.993574 0.052433 -0.100307 0.522157 -0.046661 0.997164 0.059056 96.260422 0.103119 -0.053996 0.993202 1.145440 0.000000 0.000000 0.000000 1.000000
0.993601 0.052165 -0.100179 0.514666 -0.046391 0.997172 0.059121 96.259232 0.102979 -0.054096 0.993211 1.164631 0.000000 0.000000 0.000000 1.000000
0.993636 0.051914 -0.099965 0.505968 -0.046130 0.997173 0.059319 96.258324 0.102762 -0.054330 0.993221 1.184055 0.000000 0.000000 0.000000 1.000000
0.993669 0.051686 -0.099755 0.495062 -0.045884 0.997166 0.059613 96.259361 0.102553 -0.054658 0.993225 1.206133 0.000000 0.000000 0.000000 1.000000
0.993682 0.051504 -0.099718 0.481648 -0.045660 0.997152 0.060026 96.261505 0.102526 -0.055093 0.993203 1.231584 0.000000 0.000000 0.000000 1.000000
0.993687 0.051357 -0.099745 0.467562 -0.045462 0.997132 0.060510 96.262749 0.102567 -0.055594 0.993171 1.257045 0.000000 0.000000 0.000000 1.000000
0.993697 0.051228 -0.099705 0.454248 -0.045284 0.997110 0.061002 96.263199 0.102542 -0.056103 0.993145 1.280394 0.000000 0.000000 0.000000 1.000000
0.993721 0.051093 -0.099543 0.442105 -0.045108 0.997088 0.061481 96.263214 0.102394 -0.056604 0.993132 1.300463 0.000000 0.000000 0.000000 1.000000
0.993756 0.050925 -0.099280 0.430564 -0.044903 0.997067 0.061972 96.263046 0.102145 -0.057127 0.993128 1.317013 0.000000 0.000000 0.000000 1.000000
0.993811 0.050696 -0.098838 0.419375 -0.044643 0.997044 0.062527 96.262794 0.101716 -0.057728 0.993137 1.330193 0.000000 0.000000 0.000000 1.000000
0.993893 0.050397 -0.098171 0.408890 -0.044324 0.997024 0.063083 96.262657 0.101058 -0.058346 0.993168 1.341063 0.000000 0.000000 0.000000 1.000000
0.993997 0.050004 -0.097312 0.399496 -0.043931 0.997009 0.063581 96.263153 0.100201 -0.058924 0.993221 1.349753 0.000000 0.000000 0.000000 1.000000
0.994118 0.049533 -0.096310 0.391320 -0.043477 0.997003 0.063995 96.263947 0.099192 -0.059431 0.993292 1.355562 0.000000 0.000000 0.000000 1.000000
0.994250 0.049041 -0.095196 0.384009 -0.043017 0.997001 0.064331 96.263771 0.098066 -0.059866 0.993378 1.357377 0.000000 0.000000 0.000000 1.000000
0.994394 0.048621 -0.093895 0.375681 -0.042650 0.997000 0.064587 96.260971 0.096754 -0.060220 0.993485 1.355901 0.000000 0.000000 0.000000 1.000000
0.994544 0.048254 -0.092486 0.365834 -0.042346 0.996999 0.064811 96.256248 0.095336 -0.060541 0.993602 1.352810 0.000000 0.000000 0.000000 1.000000
0.994689 0.047900 -0.091101 0.354938 -0.042052 0.996995 0.065060 96.251427 0.093943 -0.060883 0.993714 1.348595 0.000000 0.000000 0.000000 1.000000
0.994821 0.047549 -0.089835 0.342954 -0.041752 0.996989 0.065337 96.247566 0.092671 -0.061248 0.993811 1.343574 0.000000 0.000000 0.000000 1.000000
0.994935 0.047219 -0.088736 0.329248 -0.041465 0.996984 0.065598 96.244667 0.091565 -0.061586 0.993893 1.338199 0.000000 0.000000 0.000000 1.000000
0.995031 0.046922 -0.087812 0.313547 -0.041208 0.996982 0.065789 96.241524 0.090634 -0.061844 0.993962 1.334123 0.000000 0.000000 0.000000 1.000000
0.995110 0.046649 -0.087060 0.296501 -0.040964 0.996980 0.065978 96.239326 0.089875 -0.062089 0.994016 1.332069 0.000000 0.000000 0.000000 1.000000
0.995171 0.046411 -0.086490 0.277706 -0.040744 0.996976 0.066173 96.238335 0.089300 -0.062330 0.994053 1.331252 0.000000 0.000000 0.000000 1.000000
0.995217 0.046215 -0.086069 0.257429 -0.040560 0.996973 0.066337 96.237946 0.088874 -0.062529 0.994078 1.330896 0.000000 0.000000 0.000000 1.000000
0.995253 0.046053 -0.085733 0.236877 -0.040413 0.996974 0.066403 96.237106 0.088532 -0.062623 0.994103 1.330674 0.000000 0.000000 0.000000 1.000000
0.995279 0.045897 -0.085512 0.218494 -0.040276 0.996984 0.066341 96.236153 0.088299 -0.062584 0.994126 1.331648 0.000000 0.000000 0.000000 1.000000
0.995287 0.045734 -0.085509 0.201705 -0.040119 0.996995 0.066270 96.235786 0.088283 -0.062528 0.994131 1.334923 0.000000 0.000000 0.000000 1.000000
0.995274 0.045576 -0.085746 0.186365 -0.039947 0.997003 0.066255 96.236412 0.088509 -0.062516 0.994112 1.340852 0.000000 0.000000 0.000000 1.000000
0.995246 0.045424 -0.086146 0.172895 -0.039764 0.997006 0.066310 96.237984 0.088900 -0.062569 0.994073 1.349061 0.000000 0.000000 0.000000 1.000000
0.995218 0.045269 -0.086561 0.162028 -0.039575 0.997007 0.066410 96.239990 0.089308 -0.062667 0.994031 1.358526 0.000000 0.000000 0.000000 1.000000
0.995194 0.045105 -0.086920 0.152899 -0.039377 0.997007 0.066532 96.241699 0.089661 -0.062789 0.993991 1.367859 0.000000 0.000000 0.000000 1.000000
0.995169 0.044950 -0.087279 0.145005 -0.039184 0.997004 0.066691 96.242950 0.090015 -0.062949 0.993949 1.377329 0.000000 0.000000 0.000000 1.000000
0.995140 0.044825 -0.087675 0.138739 -0.039015 0.996997 0.066895 96.243690 0.090410 -0.063149 0.993901 1.387070 0.000000 0.000000 0.000000 1.000000
0.995104 0.044737 -0.088131 0.134001 -0.038876 0.996986 0.067135 96.244019 0.090869 -0.063380 0.993844 1.396832 0.000000 0.000000 0.000000 1.000000
0.995060 0.044681 -0.088649 0.130058 -0.038764 0.996973 0.067389 96.244026 0.091392 -0.063620 0.993781 1.406072 0.000000 0.000000 0.000000 1.000000
0.995016 0.044648 -0.089157 0.126014 -0.038673 0.996959 0.067658 96.243332 0.091907 -0.063873 0.993717 1.414764 0.000000 0.000000 0.000000 1.000000
0.994980 0.044658 -0.089553 0.121953 -0.038631 0.996942 0.067934 96.242172 0.092313 -0.064133 0.993663 1.423495 0.000000 0.000000 0.000000 1.000000
0.994947 0.044712 -0.089892 0.118801 -0.038637 0.996921 0.068228 96.241203 0.092666 -0.064410 0.993612 1.431871 0.000000 0.000000 0.000000 1.000000
0.994913 0.044798 -0.090227 0.117424 -0.038671 0.996898 0.068554 96.240845 0.093018 -0.064716 0.993559 1.439261 0.000000 0.000000 0.000000 1.000000
0.994878 0.044895 -0.090562 0.118240 -0.038710 0.996870 0.068929 96.241104 0.093373 -0.065070 0.993503 1.445239 0.000000 0.000000 0.000000 1.000000
0.994862 0.045025 -0.090683 0.119949 -0.038791 0.996836 0.069371 96.241707 0.093519 -0.065497 0.993461 1.451671 0.000000 0.000000 0.000000 1.000000
0.994863 0.045183 -0.090585 0.121749 -0.038911 0.996798 0.069851 96.241417 0.093451 -0.065967 0.993436 1.458674 0.000000 0.000000 0.000000 1.000000
0.994874 0.045347 -0.090381 0.123986 -0.039043 0.996759 0.070334 96.240067 0.093277 -0.066445 0.993421 1.464554 0.000000 0.000000 0.000000 1.000000
0.994890 0.045497 -0.090137 0.126608 -0.039166 0.996721 0.070803 96.238014 0.093063 -0.066911 0.993409 1.468520 0.000000 0.000000 0.000000 1.000000
0.994911 0.045629 -0.089829 0.128899 -0.039276 0.996684 0.071264 96.235832 0.092783 -0.067373 0.993404 1.471181 0.000000 0.000000 0.000000 1.000000
0.994954 0.045751 -0.089290 0.129201 -0.039388 0.996644 0.071763 96.232918 0.092273 -0.067884 0.993417 1.474749 0.000000 0.000000 0.000000 1.000000
0.995015 0.045852 -0.088555 0.128128 -0.039487 0.996599 0.072330 96.228683 0.091570 -0.068473 0.993442 1.479118 0.000000 0.000000 0.000000 1.000000
0.995086 0.045918 -0.087729 0.126728 -0.039552 0.996550 0.072966 96.223534 0.090777 -0.069137 0.993468 1.482788 0.000000 0.000000 0.000000 1.000000
0.995160 0.045949 -0.086869 0.124738 -0.039583 0.996500 0.073633 96.217911 0.089948 -0.069838 0.993495 1.485083 0.000000 0.000000 0.000000 1.000000
0.995237 0.045959 -0.085968 0.120548 -0.039600 0.996452 0.074267 96.212097 0.089076 -0.070509 0.993526 1.486512 0.000000 0.000000 0.000000 1.000000
0.995321 0.045955 -0.084992 0.112804 -0.039616 0.996410 0.074823 96.206017 0.088125 -0.071106 0.993568 1.488429 0.000000 0.000000 0.000000 1.000000
0.995412 0.045915 -0.083940 0.101074 -0.039610 0.996374 0.075294 96.200020 0.087092 -0.071623 0.993622 1.491929 0.000000 0.000000 0.000000 1.000000
0.995510 0.045828 -0.082827 0.086175 -0.039574 0.996350 0.075631 96.195740 0.085991 -0.072014 0.993690 1.497868 0.000000 0.000000 0.000000 1.000000
0.995606 0.045708 -0.081732 0.069424 -0.039517 0.996338 0.075824 96.193962 0.084898 -0.072261 0.993766 1.506291 0.000000 0.000000 0.000000 1.000000
0.995688 0.045595 -0.080789 0.052252 -0.039465 0.996333 0.075913 96.194359 0.083954 -0.072397 0.993836 1.516549 0.000000 0.000000 0.000000 1.000000
0.995743 0.045506 -0.080154 0.034946 -0.039414 0.996328 0.076007 96.194855 0.083318 -0.072524 0.993880 1.528518 0.000000 0.000000 0.000000 1.000000
0.995779 0.045382 -0.079777 0.018129 -0.039305 0.996320 0.076172 96.195045 0.082940 -0.072715 0.993898 1.542368 0.000000 0.000000 0.000000 1.000000
0.995805 0.045205 -0.079558 0.000950 -0.039124 0.996309 0.076398 96.194893 0.082718 -0.072965 0.993898 1.557733 0.000000 0.000000 0.000000 1.000000
0.995828 0.044997 -0.079388 -0.018125 -0.038907 0.996298 0.076654 96.194557 0.082543 -0.073245 0.993892 1.574390 0.000000 0.000000 0.000000 1.000000
0.995853 0.044814 -0.079174 -0.040618 -0.038720 0.996287 0.076898 96.194298 0.082326 -0.073514 0.993890 1.592284 0.000000 0.000000 0.000000 1.000000
0.995880 0.044677 -0.078909 -0.065151 -0.038586 0.996276 0.077100 96.194046 0.082060 -0.073738 0.993896 1.611026 0.000000 0.000000 0.000000 1.000000
0.995903 0.044518 -0.078716 -0.087659 -0.038426 0.996269 0.077275 96.194000 0.081863 -0.073934 0.993898 1.629628 0.000000 0.000000 0.000000 1.000000
0.995914 0.044322 -0.078677 -0.107067 -0.038220 0.996264 0.077440 96.195015 0.081815 -0.074117 0.993888 1.648475 0.000000 0.000000 0.000000 1.000000
0.995914 0.044109 -0.078803 -0.123954 -0.037985 0.996261 0.077593 96.197533 0.081931 -0.074283 0.993866 1.668007 0.000000 0.000000 0.000000 1.000000
0.995904 0.043914 -0.079040 -0.139776 -0.037762 0.996260 0.077719 96.201233 0.082158 -0.074416 0.993837 1.688056 0.000000 0.000000 0.000000 1.000000
0.995886 0.043721 -0.079367 -0.153373 -0.037532 0.996257 0.077862 96.203827 0.082474 -0.074562 0.993800 1.705135 0.000000 0.000000 0.000000 1.000000
0.995865 0.043511 -0.079743 -0.162901 -0.037272 0.996247 0.078123 96.204689 0.082843 -0.074827 0.993749 1.716137 0.000000 0.000000 0.000000 1.000000
0.995847 0.043323 -0.080076 -0.169213 -0.037029 0.996227 0.078489 96.205528 0.083174 -0.075198 0.993694 1.721723 0.000000 0.000000 0.000000 1.000000
0.995833 0.043168 -0.080329 -0.172752 -0.036823 0.996206 0.078857 96.208023 0.083428 -0.075570 0.993644 1.723150 0.000000 0.000000 0.000000 1.000000
0.995823 0.043014 -0.080535 -0.172985 -0.036636 0.996196 0.079059 96.213028 0.083629 -0.075779 0.993611 1.721526 0.000000 0.000000 0.000000 1.000000
0.995814 0.042788 -0.080770 -0.167879 -0.036401 0.996212 0.078967 96.218506 0.083843 -0.075697 0.993600 1.716881 0.000000 0.000000 0.000000 1.000000
0.995805 0.042511 -0.081022 -0.158214 -0.036127 0.996244 0.078694 96.222099 0.084063 -0.075437 0.993601 1.707922 0.000000 0.000000 0.000000 1.000000
0.995798 0.042227 -0.081258 -0.146302 -0.035855 0.996283 0.078329 96.223961 0.084263 -0.075086 0.993610 1.694543 0.000000 0.000000 0.000000 1.000000
0.995793 0.041964 -0.081456 -0.134021 -0.035611 0.996322 0.077932 96.225189 0.084426 -0.074703 0.993625 1.677780 0.000000 0.000000 0.000000 1.000000
0.995790 0.041733 -0.081615 -0.122243 -0.035402 0.996361 0.077540 96.227150 0.084554 -0.074324 0.993643 1.659497 0.000000 0.000000 0.000000 1.000000
0.995784 0.041528 -0.081788 -0.109993 -0.035212 0.996393 0.077207 96.229652 0.084700 -0.074001 0.993655 1.640531 0.000000 0.000000 0.000000 1.000000
0.995775 0.041335 -0.081996 -0.096345 -0.035027 0.996421 0.076935 96.232430 0.084883 -0.073738 0.993659 1.621943 0.000000 0.000000 0.000000 1.000000
0.995764 0.041156 -0.082226 -0.081275 -0.034853 0.996447 0.076670 96.235962 0.085089 -0.073479 0.993660 1.604826 0.000000 0.000000 0.000000 1.000000
0.995749 0.041007 -0.082476 -0.065523 -0.034712 0.996475 0.076368 96.240181 0.085317 -0.073180 0.993663 1.589096 0.000000 0.000000 0.000000 1.000000
0.995730 0.040916 -0.082756 -0.050356 -0.034630 0.996505 0.076012 96.244263 0.085577 -0.072822 0.993667 1.573561 0.000000 0.000000 0.000000 1.000000
0.995703 0.040874 -0.083091 -0.036660 -0.034599 0.996537 0.075605 96.247040 0.085893 -0.072405 0.993670 1.557246 0.000000 0.000000 0.000000 1.000000
0.995676 0.040802 -0.083453 -0.023045 -0.034543 0.996577 0.075107 96.250336 0.086232 -0.071900 0.993677 1.542560 0.000000 0.000000 0.000000 1.000000
0.995648 0.040717 -0.083823 -0.008194 -0.034483 0.996624 0.074513 96.254829 0.086574 -0.071299 0.993691 1.530025 0.000000 0.000000 0.000000 1.000000
0.995620 0.040662 -0.084182 0.008110 -0.034460 0.996673 0.073862 96.260109 0.086906 -0.070638 0.993709 1.519223 0.000000 0.000000 0.000000 1.000000
0.995591 0.040676 -0.084524 0.025019 -0.034505 0.996718 0.073237 96.265137 0.087225 -0.069997 0.993726 1.509563 0.000000 0.000000 0.000000 1.000000
0.995562 0.040676 -0.084864 0.041991 -0.034526 0.996755 0.072721 96.271233 0.087546 -0.069468 0.993735 1.504444 0.000000 0.000000 0.000000 1.000000
0.995531 0.040575 -0.085275 0.060347 -0.034428 0.996784 0.072364 96.279114 0.087937 -0.069105 0.993726 1.505512 0.000000 0.000000 0.000000 1.000000
0.995495 0.040421 -0.085766 0.079429 -0.034254 0.996802 0.072203 96.286720 0.088411 -0.068940 0.993696 1.509429 0.000000 0.000000 0.000000 1.000000
0.995457 0.040291 -0.086272 0.097601 -0.034086 0.996805 0.072235 96.292496 0.088907 -0.068966 0.993649 1.513153 0.000000 0.000000 0.000000 1.000000
0.995423 0.040258 -0.086670 0.112850 -0.034008 0.996795 0.072411 96.296036 0.089308 -0.069132 0.993602 1.515271 0.000000 0.000000 0.000000 1.000000
0.995406 0.040274 -0.086866 0.125028 -0.033990 0.996778 0.072652 96.298798 0.089512 -0.069366 0.993567 1.518266 0.000000 0.000000 0.000000 1.000000
0.995397 0.040260 -0.086969 0.136264 -0.033946 0.996762 0.072895 96.301445 0.089622 -0.069607 0.993541 1.523237 0.000000 0.000000 0.000000 1.000000
0.995388 0.040216 -0.087089 0.147558 -0.033872 0.996746 0.073138 96.304443 0.089747 -0.069851 0.993512 1.529360 0.000000 0.000000 0.000000 1.000000
0.995374 0.040173 -0.087271 0.158732 -0.033795 0.996732 0.073372 96.307892 0.089933 -0.070083 0.993479 1.535488 0.000000 0.000000 0.000000 1.000000
0.995355 0.040175 -0.087489 0.168628 -0.033764 0.996719 0.073563 96.311424 0.090157 -0.070267 0.993446 1.540456 0.000000 0.000000 0.000000 1.000000
0.995339 0.040224 -0.087647 0.176353 -0.033795 0.996712 0.073645 96.313210 0.090321 -0.070340 0.993426 1.542832 0.000000 0.000000 0.000000 1.000000
0.995328 0.040277 -0.087745 0.183095 -0.033842 0.996711 0.073628 96.314049 0.090422 -0.070314 0.993418 1.542754 0.000000 0.000000 0.000000 1.000000
0.995321 0.040328 -0.087810 0.189531 -0.033897 0.996716 0.073545 96.315483 0.090488 -0.070224 0.993419 1.541489 0.000000 0.000000 0.000000 1.000000
0.995315 0.040388 -0.087847 0.195507 -0.033964 0.996721 0.073436 96.317963 0.090525 -0.070108 0.993423 1.540009 0.000000 0.000000 0.000000 1.000000
0.995312 0.040471 -0.087840 0.200191 -0.034057 0.996726 0.073333 96.320709 0.090520 -0.069998 0.993432 1.538810 0.000000 0.000000 0.000000 1.000000
0.995313 0.040565 -0.087792 0.203466 -0.034165 0.996731 0.073219 96.323479 0.090475 -0.069877 0.993444 1.538695 0.000000 0.000000 0.000000 1.000000
0.995309 0.040654 -0.087792 0.205923 -0.034269 0.996739 0.073049 96.325974 0.090476 -0.069698 0.993457 1.539884 0.000000 0.000000 0.000000 1.000000
0.995299 0.040762 -0.087851 0.207631 -0.034392 0.996750 0.072842 96.326584 0.090535 -0.069478 0.993467 1.541230 0.000000 0.000000 0.000000 1.000000
0.995287 0.040908 -0.087924 0.208151 -0.034552 0.996760 0.072641 96.324455 0.090611 -0.069260 0.993475 1.541753 0.000000 0.000000 0.000000 1.000000
0.995278 0.041097 -0.087933 0.206639 -0.034753 0.996763 0.072497 96.320023 0.090627 -0.069099 0.993485 1.541088 0.000000 0.000000 0.000000 1.000000
0.995279 0.041299 -0.087835 0.202233 -0.034971 0.996762 0.072406 96.315643 0.090541 -0.068993 0.993500 1.540432 0.000000 0.000000 0.000000 1.000000
0.995283 0.041495 -0.087693 0.196028 -0.035181 0.996758 0.072361 96.312187 0.090411 -0.068935 0.993516 1.541167 0.000000 0.000000 0.000000 1.000000
0.995286 0.041680 -0.087569 0.189554 -0.035377 0.996752 0.072341 96.309387 0.090300 -0.068902 0.993528 1.543668 0.000000 0.000000 0.000000 1.000000
0.995284 0.041849 -0.087511 0.183127 -0.035553 0.996749 0.072306 96.306595 0.090252 -0.068854 0.993536 1.547790 0.000000 0.000000 0.000000 1.000000
0.995275 0.041999 -0.087537 0.175707 -0.035711 0.996750 0.072202 96.303009 0.090285 -0.068735 0.993541 1.552879 0.000000 0.000000 0.000000 1.000000
0.995260 0.042135 -0.087645 0.165670 -0.035858 0.996760 0.071997 96.297585 0.090395 -0.068513 0.993547 1.557219 0.000000 0.000000 0.000000 1.000000
0.995239 0.042291 -0.087805 0.154095 -0.036032 0.996776 0.071689 96.292175 0.090554 -0.068184 0.993555 1.560125 0.000000 0.000000 0.000000 1.000000
0.995212 0.042481 -0.088028 0.142656 -0.036240 0.996795 0.071313 96.289360 0.090775 -0.067782 0.993562 1.563289 0.000000 0.000000 0.000000 1.000000
0.995176 0.042689 -0.088332 0.132062 -0.036466 0.996816 0.070908 96.289558 0.091078 -0.067345 0.993564 1.568335 0.000000 0.000000 0.000000 1.000000
0.995132 0.042879 -0.088731 0.121981 -0.036666 0.996837 0.070505 96.290771 0.091474 -0.066909 0.993557 1.576070 0.000000 0.000000 0.000000 1.000000
0.995085 0.043006 -0.089196 0.112434 -0.036800 0.996862 0.070092 96.289467 0.091931 -0.066465 0.993545 1.584723 0.000000 0.000000 0.000000 1.000000
0.995040 0.043097 -0.089652 0.104062 -0.036895 0.996884 0.069725 96.286644 0.092378 -0.066071 0.993530 1.593371 0.000000 0.000000 0.000000 1.000000
0.995002 0.043170 -0.090043 0.096199 -0.036969 0.996901 0.069438 96.283989 0.092761 -0.065762 0.993514 1.602561 0.000000 0.000000 0.000000 1.000000
0.994971 0.043225 -0.090357 0.088486 -0.037024 0.996915 0.069205 96.282410 0.093069 -0.065512 0.993502 1.612757 0.000000 0.000000 0.000000 1.000000
0.994945 0.043243 -0.090634 0.081121 -0.037049 0.996932 0.068945 96.281876 0.093338 -0.065238 0.993495 1.624084 0.000000 0.000000 0.000000 1.000000
0.994916 0.043199 -0.090971 0.074750 -0.037015 0.996957 0.068602 96.282104 0.093658 -0.064886 0.993488 1.636482 0.000000 0.000000 0.000000 1.000000
0.994881 0.043113 -0.091391 0.069368 -0.036936 0.996986 0.068231 96.282684 0.094058 -0.064506 0.993475 1.649579 0.000000 0.000000 0.000000 1.000000
0.994845 0.043014 -0.091832 0.064715 -0.036845 0.997015 0.067855 96.283257 0.094476 -0.064121 0.993460 1.662007 0.000000 0.000000 0.000000 1.000000
0.994813 0.042933 -0.092216 0.060253 -0.036774 0.997043 0.067472 96.283699 0.094840 -0.063730 0.993450 1.672712 0.000000 0.000000 0.000000 1.000000
0.994790 0.042882 -0.092488 0.055321 -0.036746 0.997072 0.067059 96.284050 0.095093 -0.063311 0.993453 1.681415 0.000000 0.000000 0.000000 1.000000
0.994774 0.042840 -0.092677 0.049752 -0.036736 0.997103 0.066601 96.283272 0.095261 -0.062848 0.993466 1.689816 0.000000 0.000000 0.000000 1.000000
0.994758 0.042769 -0.092885 0.045383 -0.036692 0.997133 0.066179 96.282372 0.095449 -0.062424 0.993475 1.699924 0.000000 0.000000 0.000000 1.000000
0.994738 0.042680 -0.093141 0.043366 -0.036617 0.997157 0.065860 96.283249 0.095687 -0.062103 0.993472 1.711738 0.000000 0.000000 0.000000 1.000000
0.994714 0.042599 -0.093436 0.043482 -0.036537 0.997173 0.065660 96.285942 0.095969 -0.061900 0.993458 1.724121 0.000000 0.000000 0.000000 1.000000
0.994688 0.042552 -0.093733 0.044301 -0.036482 0.997182 0.065554 96.288406 0.096259 -0.061786 0.993437 1.735375 0.000000 0.000000 0.000000 1.000000
0.994663 0.042519 -0.094004 0.044887 -0.036430 0.997183 0.065564 96.288406 0.096527 -0.061790 0.993411 1.745576 0.000000 0.000000 0.000000 1.000000
0.994647 0.042477 -0.094195 0.045287 -0.036362 0.997176 0.065712 96.286873 0.096721 -0.061935 0.993383 1.755542 0.000000 0.000000 0.000000 1.000000
0.994638 0.042454 -0.094300 0.045236 -0.036308 0.997161 0.065966 96.284828 0.096833 -0.062189 0.993356 1.764761 0.000000 0.000000 0.000000 1.000000
0.994632 0.042481 -0.094351 0.044678 -0.036301 0.997140 0.066287 96.283516 0.096897 -0.062507 0.993330 1.773260 0.000000 0.000000 0.000000 1.000000
0.994623 0.042582 -0.094403 0.043696 -0.036364 0.997114 0.066636 96.283958 0.096968 -0.062845 0.993301 1.781679 0.000000 0.000000 0.000000 1.000000
0.994611 0.042757 -0.094446 0.041657 -0.036502 0.997086 0.066986 96.285149 0.097035 -0.063177 0.993274 1.790168 0.000000 0.000000 0.000000 1.000000
0.994605 0.042980 -0.094412 0.038049 -0.036695 0.997056 0.067331 96.283783 0.097028 -0.063503 0.993254 1.796834 0.000000 0.000000 0.000000 1.000000
0.994601 0.043238 -0.094341 0.034647 -0.036919 0.997020 0.067730 96.279785 0.096988 -0.063882 0.993233 1.799672 0.000000 0.000000 0.000000 1.000000
0.994594 0.043510 -0.094288 0.033463 -0.037150 0.996981 0.068188 96.274124 0.096970 -0.064317 0.993207 1.797342 0.000000 0.000000 0.000000 1.000000
0.994583 0.043769 -0.094278 0.035648 -0.037366 0.996941 0.068641 96.268173 0.096994 -0.064747 0.993177 1.789771 0.000000 0.000000 0.000000 1.000000
0.994591 0.044001 -0.094087 0.037142 -0.037579 0.996911 0.068973 96.260979 0.096832 -0.065064 0.993172 1.780445 0.000000 0.000000 0.000000 1.000000
0.994620 0.044228 -0.093677 0.035182 -0.037804 0.996881 0.069274 96.253242 0.096449 -0.065360 0.993190 1.774305 0.000000 0.000000 0.000000 1.000000
0.994651 0.044433 -0.093252 0.032343 -0.038001 0.996848 0.069648 96.246780 0.096053 -0.065731 0.993204 1.772676 0.000000 0.000000 0.000000 1.000000
0.994671 0.044605 -0.092956 0.031053 -0.038143 0.996806 0.070164 96.241982 0.095789 -0.066245 0.993195 1.775195 0.000000 0.000000 0.000000 1.000000
0.994678 0.044749 -0.092806 0.032281 -0.038232 0.996754 0.070850 96.237534 0.095675 -0.066925 0.993160 1.780243 0.000000 0.000000 0.000000 1.000000
0.994687 0.044907 -0.092638 0.033575 -0.038318 0.996689 0.071719 96.231262 0.095552 -0.067788 0.993114 1.785648 0.000000 0.000000 0.000000 1.000000
0.994706 0.045074 -0.092348 0.032741 -0.038414 0.996616 0.072669 96.222679 0.095311 -0.068737 0.993072 1.789856 0.000000 0.000000 0.000000 1.000000
0.994737 0.045259 -0.091921 0.028734 -0.038535 0.996539 0.073650 96.212296 0.094937 -0.069721 0.993039 1.791850 0.000000 0.000000 0.000000 1.000000
0.994777 0.045471 -0.091385 0.021172 -0.038694 0.996462 0.074610 96.201698 0.094455 -0.070685 0.993017 1.791898 0.000000 0.000000 0.000000 1.000000
0.994820 0.045706 -0.090794 0.010278 -0.038889 0.996389 0.075476 96.193314 0.093915 -0.071555 0.993005 1.791557 0.000000 0.000000 0.000000 1.000000
0.994870 0.045871 -0.090161 -0.003153 -0.039045 0.996337 0.076073 96.189362 0.093320 -0.072163 0.993018 1.793568 0.000000 0.000000 0.000000 1.000000
0.994927 0.045915 -0.089515 -0.017438 -0.039103 0.996309 0.076422 96.188263 0.092694 -0.072534 0.993049 1.795392 0.000000 0.000000 0.000000 1.000000
0.994980 0.045862 -0.088949 -0.030589 -0.039075 0.996297 0.076589 96.188110 0.092132 -0.072728 0.993087 1.793136 0.000000 0.000000 0.000000 1.000000
0.995025 0.045769 -0.088488 -0.041973 -0.039013 0.996296 0.076626 96.187576 0.091667 -0.072793 0.993126 1.785399 0.000000 0.000000 0.000000 1.000000
0.995064 0.045705 -0.088082 -0.052492 -0.038985 0.996302 0.076566 96.186035 0.091256 -0.072754 0.993166 1.773928 0.000000 0.000000 0.000000 1.000000
0.995105 0.045682 -0.087633 -0.064294 -0.039006 0.996311 0.076434 96.183662 0.090802 -0.072641 0.993216 1.763438 0.000000 0.000000 0.000000 1.000000
0.995135 0.045601 -0.087326 -0.074019 -0.038961 0.996324 0.076292 96.182655 0.090484 -0.072518 0.993254 1.753806 0.000000 0.000000 0.000000 1.000000
0.995150 0.045436 -0.087243 -0.079838 -0.038813 0.996340 0.076163 96.183891 0.090385 -0.072407 0.993271 1.744111 0.000000 0.000000 0.000000 1.000000
0.995153 0.045212 -0.087332 -0.082061 -0.038594 0.996358 0.076036 96.186714 0.090451 -0.072297 0.993273 1.733332 0.000000 0.000000 0.000000 1.000000
0.995154 0.044997 -0.087433 -0.082818 -0.038386 0.996378 0.075879 96.189178 0.090531 -0.072155 0.993276 1.720691 0.000000 0.000000 0.000000 1.000000
0.995156 0.044835 -0.087485 -0.083309 -0.038239 0.996400 0.075660 96.189888 0.090563 -0.071948 0.993288 1.706279 0.000000 0.000000 0.000000 1.000000
0.995153 0.044723 -0.087575 -0.082458 -0.038140 0.996420 0.075445 96.189842 0.090636 -0.071739 0.993297 1.691877 0.000000 0.000000 0.000000 1.000000
0.995144 0.044642 -0.087726 -0.080047 -0.038062 0.996435 0.075292 96.190186 0.090774 -0.071587 0.993295 1.677958 0.000000 0.000000 0.000000 1.000000
0.995130 0.044571 -0.087913 -0.076476 -0.037987 0.996445 0.075194 96.191483 0.090952 -0.071488 0.993286 1.664418 0.000000 0.000000 0.000000 1.000000
0.995119 0.044499 -0.088081 -0.072506 -0.037913 0.996456 0.075086 96.193436 0.091110 -0.071380 0.993279 1.650758 0.000000 0.000000 0.000000 1.000000
0.995108 0.044449 -0.088226 -0.067948 -0.037867 0.996471 0.074917 96.194893 0.091245 -0.071209 0.993279 1.636759 0.000000 0.000000 0.000000 1.000000
0.995094 0.044445 -0.088389 -0.060655 -0.037865 0.996481 0.074784 96.194527 0.091402 -0.071071 0.993275 1.620169 0.000000 0.000000 0.000000 1.000000
0.995082 0.044506 -0.088497 -0.050132 -0.037924 0.996483 0.074720 96.192726 0.091511 -0.070996 0.993270 1.599084 0.000000 0.000000 0.000000 1.000000
0.995079 0.044626 -0.088463 -0.037638 -0.038051 0.996482 0.074668 96.190552 0.091484 -0.070935 0.993277 1.572904 0.000000 0.000000 0.000000 1.000000
0.995092 0.044784 -0.088237 -0.025585 -0.038239 0.996487 0.074514 96.189316 0.091264 -0.070774 0.993309 1.542351 0.000000 0.000000 0.000000 1.000000
0.995110 0.044985 -0.087933 -0.014216 -0.038487 0.996498 0.074237 96.188614 0.090964 -0.070490 0.993356 1.508296 0.000000 0.000000 0.000000 1.000000
0.995113 0.045244 -0.087772 0.000460 -0.038783 0.996506 0.073965 96.188736 0.090812 -0.070200 0.993391 1.472372 0.000000 0.000000 0.000000 1.000000
0.995091 0.045497 -0.087886 0.021127 -0.039051 0.996514 0.073726 96.190826 0.090934 -0.069932 0.993398 1.435997 0.000000 0.000000 0.000000 1.000000
0.995048 0.045682 -0.088281 0.047664 -0.039228 0.996523 0.073508 96.194939 0.091332 -0.069681 0.993380 1.399695 0.000000 0.000000 0.000000 1.000000
0.994994 0.045769 -0.088838 0.077030 -0.039297 0.996537 0.073282 96.199768 0.091884 -0.069425 0.993347 1.363263 0.000000 0.000000 0.000000 1.000000
0.994947 0.045844 -0.089325 0.104035 -0.039354 0.996547 0.073113 96.202965 0.092368 -0.069229 0.993315 1.327660 0.000000 0.000000 0.000000 1.000000
0.994911 0.045980 -0.089652 0.128210 -0.039478 0.996550 0.073001 96.203979 0.092700 -0.069090 0.993294 1.293688 0.000000 0.000000 0.000000 1.000000
0.994884 0.046164 -0.089862 0.150701 -0.039662 0.996554 0.072849 96.203491 0.092916 -0.068912 0.993286 1.260523 0.000000 0.000000 0.000000 1.000000
0.994861 0.046363 -0.090016 0.172154 -0.039875 0.996565 0.072584 96.202675 0.093072 -0.068622 0.993292 1.227882 0.000000 0.000000 0.000000 1.000000
0.994839 0.046540 -0.090167 0.192488 -0.040079 0.996586 0.072186 96.202934 0.093218 -0.068200 0.993307 1.196335 0.000000 0.000000 0.000000 1.000000
0.994814 0.046686 -0.090362 0.212161 -0.040255 0.996612 0.071727 96.205490 0.093404 -0.067718 0.993323 1.167165 0.000000 0.000000 0.000000 1.000000
0.994783 0.046809 -0.090641 0.231937 -0.040398 0.996635 0.071322 96.209122 0.093675 -0.067288 0.993326 1.139555 0.000000 0.000000 0.000000 1.000000
0.994744 0.046924 -0.091006 0.252091 -0.040517 0.996653 0.071007 96.212723 0.094033 -0.066946 0.993316 1.111761 0.000000 0.000000 0.000000 1.000000
0.994699 0.047049 -0.091432 0.272612 -0.040640 0.996667 0.070739 96.215965 0.094455 -0.066648 0.993296 1.082753 0.000000 0.000000 0.000000 1.000000
0.994651 0.047202 -0.091876 0.293316 -0.040795 0.996684 0.070409 96.219330 0.094894 -0.066284 0.993278 1.052672 0.000000 0.000000 0.000000 1.000000
0.994602 0.047361 -0.092325 0.314280 -0.040973 0.996712 0.069900 96.223137 0.095332 -0.065740 0.993272 1.023646 0.000000 0.000000 0.000000 1.000000
0.994553 0.047462 -0.092795 0.336601 -0.041103 0.996751 0.069269 96.228012 0.095781 -0.065078 0.993273 0.996795 0.000000 0.000000 0.000000 1.000000
0.994507 0.047491 -0.093273 0.360808 -0.041167 0.996795 0.068599 96.234756 0.096231 -0.064382 0.993275 0.972459 0.000000 0.000000 0.000000 1.000000
0.994465 0.047478 -0.093727 0.386666 -0.041185 0.996837 0.067965 96.243202 0.096657 -0.063729 0.993275 0.950578 0.000000 0.000000 0.000000 1.000000
0.994428 0.047476 -0.094121 0.413255 -0.041211 0.996872 0.067432 96.251999 0.097028 -0.063177 0.993274 0.930619 0.000000 0.000000 0.000000 1.000000
0.994395 0.047512 -0.094448 0.439667 -0.041261 0.996895 0.067067 96.258926 0.097341 -0.062794 0.993268 0.910615 0.000000 0.000000 0.000000 1.000000
0.994367 0.047567 -0.094721 0.466002 -0.041320 0.996907 0.066855 96.263184 0.097608 -0.062565 0.993256 0.889683 0.000000 0.000000 0.000000 1.000000
0.994344 0.047648 -0.094920 0.492085 -0.041397 0.996909 0.066777 96.265358 0.097808 -0.062470 0.993243 0.868646 0.000000 0.000000 0.000000 1.000000
0.994329 0.047758 -0.095022 0.517204 -0.041496 0.996902 0.066817 96.266266 0.097919 -0.062495 0.993230 0.848801 0.000000 0.000000 0.000000 1.000000
0.994323 0.047892 -0.095019 0.540235 -0.041616 0.996887 0.066965 96.266769 0.097930 -0.062631 0.993221 0.831568 0.000000 0.000000 0.000000 1.000000
0.994326 0.048032 -0.094918 0.560375 -0.041737 0.996865 0.067224 96.267502 0.097849 -0.062881 0.993213 0.818163 0.000000 0.000000 0.000000 1.000000
0.994338 0.048188 -0.094704 0.578984 -0.041877 0.996838 0.067536 96.268372 0.097659 -0.063188 0.993212 0.807707 0.000000 0.000000 0.000000 1.000000
0.994362 0.048369 -0.094366 0.597721 -0.042047 0.996808 0.067864 96.269600 0.097347 -0.063513 0.993222 0.798446 0.000000 0.000000 0.000000 1.000000
0.994391 0.048555 -0.093964 0.617203 -0.042227 0.996778 0.068198 96.271309 0.096972 -0.063848 0.993237 0.789368 0.000000 0.000000 0.000000 1.000000
0.994415 0.048707 -0.093629 0.636953 -0.042366 0.996747 0.068557 96.273399 0.096663 -0.064207 0.993244 0.780375 0.000000 0.000000 0.000000 1.000000
0.994421 0.048804 -0.093510 0.656594 -0.042431 0.996716 0.068974 96.274162 0.096569 -0.064621 0.993226 0.771364 0.000000 0.000000 0.000000 1.000000
0.994418 0.048866 -0.093514 0.676863 -0.042445 0.996682 0.069457 96.272873 0.096598 -0.065100 0.993192 0.761603 0.000000 0.000000 0.000000 1.000000
0.994420 0.048893 -0.093474 0.697452 -0.042424 0.996646 0.069984 96.270233 0.096582 -0.065628 0.993159 0.751105 0.000000 0.000000 0.000000 1.000000
0.994439 0.048910 -0.093273 0.717236 -0.042403 0.996610 0.070506 96.266991 0.096405 -0.066159 0.993141 0.740186 0.000000 0.000000 0.000000 1.000000
0.994472 0.048960 -0.092885 0.734593 -0.042436 0.996576 0.070959 96.263794 0.096041 -0.066625 0.993145 0.729340 0.000000 0.000000 0.000000 1.000000
0.994508 0.049091 -0.092436 0.748813 -0.042562 0.996545 0.071319 96.261597 0.095618 -0.066993 0.993161 0.718905 0.000000 0.000000 0.000000 1.000000
0.994538 0.049230 -0.092035 0.760962 -0.042709 0.996524 0.071529 96.260666 0.095236 -0.067208 0.993183 0.709226 0.000000 0.000000 0.000000 1.000000
0.994566 0.049329 -0.091683 0.771224 -0.042834 0.996520 0.071508 96.260185 0.094892 -0.067192 0.993217 0.700304 0.000000 0.000000 0.000000 1.000000
0.994592 0.049395 -0.091361 0.779361 -0.042948 0.996534 0.071237 96.259651 0.094564 -0.066928 0.993267 0.691499 0.000000 0.000000 0.000000 1.000000
0.994616 0.049487 -0.091049 0.784947 -0.043106 0.996561 0.070766 96.259010 0.094238 -0.066460 0.993329 0.681842 0.000000 0.000000 0.000000 1.000000
0.994633 0.049635 -0.090779 0.788449 -0.043330 0.996595 0.070155 96.258278 0.093952 -0.065845 0.993397 0.671838 0.000000 0.000000 0.000000 1.000000
0.994646 0.049795 -0.090549 0.790502 -0.043568 0.996630 0.069495 96.257027 0.093704 -0.065178 0.993464 0.664464 0.000000 0.000000 0.000000 1.000000
0.994659 0.049953 -0.090320 0.790929 -0.043800 0.996664 0.068872 96.255569 0.093459 -0.064548 0.993529 0.660794 0.000000 0.000000 0.000000 1.000000
0.994673 0.050115 -0.090073 0.788910 -0.044027 0.996689 0.068352 96.254410 0.093200 -0.064022 0.993587 0.660934 0.000000 0.000000 0.000000 1.000000
0.994687 0.050300 -0.089823 0.783320 -0.044263 0.996705 0.067974 96.253990 0.092946 -0.063637 0.993635 0.664486 0.000000 0.000000 0.000000 1.000000
0.994695 0.050476 -0.089629 0.774236 -0.044476 0.996712 0.067733 96.252914 0.092753 -0.063388 0.993669 0.672781 0.000000 0.000000 0.000000 1.000000
0.994698 0.050584 -0.089544 0.763797 -0.044607 0.996719 0.067539 96.251236 0.092666 -0.063187 0.993690 0.686908 0.000000 0.000000 0.000000 1.000000
0.994691 0.050623 -0.089596 0.752758 -0.044662 0.996731 0.067324 96.250130 0.092711 -0.062965 0.993700 0.705500 0.000000 0.000000 0.000000 1.000000
0.994675 0.050632 -0.089769 0.740733 -0.044685 0.996748 0.067064 96.250076 0.092873 -0.062696 0.993702 0.726736 0.000000 0.000000 0.000000 1.000000
0.994651 0.050669 -0.090006 0.726415 -0.044733 0.996764 0.066783 96.250511 0.093099 -0.062400 0.993700 0.749079 0.000000 0.000000 0.000000 1.000000
